100
2543
23317
23353
75549
30359
22130
13484
88639
60743
50304
46709
84921
31039
20555
17833
94246
95133
32729
81157
76812
40266
74919
14918
31717
18256
95269
91430
17684
96945
12387
67836
27367
87579
42550
38650
5949
32134
35306
46428
7201
40984
25429
29570
35759
55740
29005
97357
33021
74652
34062
61560
25893
18764
62054
21094
72610
35791
5542
91782
7852
35747
79500
96682
10570
27309
59021
84124
92354
77288
14397
20467
31476
46816
96265
12384
58359
67333
68030
49615
32029
7164
30439
23216
33695
45013
34292
66628
43766
10779
31071
87395
61539
75816
68470
5720
73039
75112
98106
92858
71812
