100
18949
16
95
93584
7
44
15199
68
66
97758
25
44
68772
3
89
89871
23
60
91184
57
82
31944
72
35
90205
82
95
53478
70
22
15228
92
70
24692
29
77
46077
57
3
64934
84
10
41790
35
86
18839
9
69
84173
21
84
17899
76
40
61906
62
77
19509
65
41
65272
86
77
33319
28
60
18620
44
59
71547
24
77
10000
79
89
96743
50
26
76203
3
39
49764
33
34
31227
56
78
70485
91
27
49965
63
55
33068
75
34
23118
22
63
1586
46
3
18783
9
55
26273
53
75
29224
67
23
87635
86
13
54711
24
94
7890
75
71
10137
52
9
75498
63
88
13098
18
56
18631
92
65
76267
22
68
52839
30
12
32584
96
95
63697
90
48
43184
20
40
49124
95
42
97220
39
51
82046
2
14
5720
25
38
91327
11
86
12620
95
35
37923
33
69
12714
7
29
60112
34
11
44646
44
89
13843
59
45
56759
65
9
64590
85
49
62617
53
17
30032
35
72
72730
59
20
98015
12
52
19313
31
82
82986
94
70
65130
8
95
52865
38
83
87284
62
93
85387
6
68
57442
87
97
61776
74
42
55065
18
69
1007
52
67
76689
91
93
90636
59
64
67817
86
56
1563
30
29
53309
84
53
41895
90
89
74788
23
31
27656
5
30
30205
20
66
29756
35
83
20662
65
78
12945
45
40
35482
7
67
64404
58
14
89467
42
87
29685
24
67
80922
94
88
29791
32
73
78170
94
2
34514
7
77
2604
32
27
58735
61
59
42389
45
28
36081
84
60
