100
8869986
8101354
5650724
3967616
851605
938543
7986970
1915495
2040335
3448656
4414536
8308008
1739788
1610566
1826031
3638750
6145036
6662763
2723488
4214136
6035069
4865510
5743101
9952348
5342598
5405446
5789765
2310353
1027540
2613585
9388417
4979672
1682471
8872761
7392370
977921
862786
8858127
284551
9811966
1261245
4084396
965733
7499852
7536055
9126116
6144579
412519
8853591
7332304
227506
1132625
7021293
4374391
4952079
826625
2463245
2546464
3915854
7987599
8230397
7379399
3623292
7830139
1739339
835558
1706557
104924
4997970
2118264
8571742
5649460
6703414
7960398
880229
3602778
3786905
9149008
3995639
1885717
5732406
8997892
5809983
3284730
2310106
2497733
6208373
8276011
4242930
1953387
4839827
3588040
6763660
6060568
4832404
2424486
8022166
4579180
1624135
8255725
