100
488 223
115 144
180 335
355 201
166 431
63 141
314 483
77 475
200 320
246 36
214 162
446 463
345 260
94 404
316 334
194 482
29 382
340 412
358 377
95 286
362 305
303 412
404 462
222 282
460 376
237 108
55 254
41 119
402 307
339 189
236 361
3 133
216 199
108 478
33 93
381 233
465 99
397 245
196 241
267 458
99 315
97 467
33 165
226 48
367 395
51 445
78 151
263 494
226 247
393 320
499 88
367 173
281 50
139 129
361 162
19 279
435 183
498 195
498 377
190 400
61 73
467 263
326 345
471 215
89 444
431 404
108 411
90 401
98 113
80 352
273 296
229 468
44 63
121 59
21 82
140 382
459 191
341 370
84 466
213 433
21 222
245 355
124 362
261 443
58 411
84 460
379 31
417 48
145 305
246 245
297 48
148 387
114 412
70 147
19 69
53 173
379 311
301 260
186 426
186 244
