100
681 631
711 345
249 75
154 594
573 328
913 951
527 263
498 875
883 331
583 822
255 944
650 835
557 495
509 303
185 450
367 693
609 969
774 792
46 280
342 76
405 609
868 119
771 793
126 613
250 853
360 398
151 687
260 134
98 762
984 666
867 108
612 874
451 225
290 825
85 494
177 345
762 532
232 677
55 503
854 800
907 794
308 88
415 603
937 420
546 932
158 571
125 204
336 668
436 212
723 811
236 401
776 440
20 540
358 931
937 689
482 947
840 995
530 522
553 248
100 472
619 327
960 732
457 639
862 419
49 381
374 944
76 19
242 317
621 677
199 827
436 208
621 680
55 628
868 796
929 223
692 890
151 93
595 177
263 108
635 517
122 264
750 589
761 180
298 722
732 97
223 351
472 11
888 669
795 762
393 936
773 773
942 95
867 829
589 764
407 767
562 458
180 174
167 861
153 256
184 307
